0 0 0 0 0
1000 1359 1359 1359 1359
2000 2718 2718 2718 2718
3000 4077 4077 4077 4077
4000 5436 5436 5436 5436
5000 6795 6795 6795 6795
6000 8154 8154 8154 8154
7000 9513 9513 9513 9513
8000 10872 10872 10872 10872
9000 12231 12231 12231 12231
10000 13590 13590 13590 13590
11000 14949 14949 14949 14949
12000 16308 16308 16308 16308
13000 17667 17667 17667 17667
14000 19026 19026 19026 19026
15000 20385 20385 20385 20385
16000 21744 21744 21744 21744
17000 23103 23103 23103 23103
18000 24462 24462 24462 24462
19000 25821 25821 25821 25821
20000 27180 27180 27180 27180
21000 27430 27473 27430 27473
22000 27680 27766 27680 27766
23000 27930 28059 27930 28059
24000 28180 28352 28180 28352
25000 28430 28645 28430 28645
26000 28680 28938 28680 28938
27000 28930 29231 28930 29231
28000 29180 29524 29180 29524
29000 29430 29817 29430 29817
30000 29680 30110 29680 30110
31000 29930 30403 29930 30403
32000 30180 30696 30180 30696
33000 30430 30989 30430 30989
34000 30680 31282 30680 31282
35000 30930 31575 30930 31575
36000 31180 31868 31180 31868
37000 31430 32161 31430 32161
38000 31680 32454 31680 32454
39000 31930 32747 31930 32747
40000 32180 33040 32180 33040
